349, 39
347, 38
349, 39
352, 35
349, 38
351, 38
349, 35
354, 37
349, 34
352, 34
350, 35
349, 36
351, 34
350, 35
355, 35
353, 35
353, 36
349, 40
350, 35
350, 40
353, 35
350, 37
353, 37
350, 37
352, 40
350, 37
351, 35
355, 36
349, 37
356, 36
353, 39
354, 39
349, 34
356, 34
353, 40
355, 37
350, 37
353, 34
355, 37
352, 34
354, 35
355, 37
352, 39
350, 36
352, 37
355, 35
351, 34
350, 37
353, 35
354, 38
351, 39
353, 39
351, 39
350, 36
355, 36
352, 35
355, 35
352, 39
353, 36
350, 35
353, 38
350, 34
348, 38
339, 35
339, 35
341, 39
339, 34
342, 36
338, 35
341, 40
337, 39
343, 38
339, 38
336, 37
337, 35
339, 36
339, 36
339, 34
343, 39
343, 35
342, 40
339, 39
339, 37
339, 38
340, 35
343, 39
339, 37
339, 38
339, 35
341, 35
341, 35
344, 37
344, 39
339, 36
339, 37
339, 36
344, 36
341, 35
339, 34
343, 37
341, 39
341, 35
339, 35
343, 37
340, 35
344, 38
338, 35
342, 36
339, 36
340, 35
340, 37
343, 39
339, 37
343, 36
344, 37
342, 39
339, 36
339, 37
338, 37
342, 37
339, 35
340, 38
342, 38
336, 37
343, 37
338, 38
339, 36
339, 35
340, 35
343, 37
